12345678901234567890123456789012345678901234567890123456789012345678901234567890

 
   
123456789 123456789 123456789 123456789 123456789 123456789 123456789 1234567890
123456789 345678901 567890123 789012345 901234567 123456789 234567890
 1234567 3456789 4567890 56789012 78901234 901234567 234567890
   1234567 3456789 4567890 56789012 78901234 901234567 234567890
123456789 345678901 567890123 789012345 901234567 123456789 234567890 
123456789 345678901 567890123 789012345 901234567 123456789 234567890     
123456789 345678901   567890123 789012345     901234567 123456789 234567890
123456789 567890123 890123456 123456789 456789012 789012345 0
123456789 567890123 901234567 345678901 789012345 1234567890

